12
17
43
33
75
9
17
94
94
6
23
45
31
75
8
73
68
50
14
68
15
47
7
77
18
31
56
11
52
17
17
64
87
62
20
55
28
57
13
6
99
66
59
82
23
43
79
28
89
88
83
81
59
15
11
42
75
50
1
21
95
83
80
17
22
58
95
39
32
68
50
70
31
67
24
82
72
68
77
36
8
90
62
91
9
12
21
12
73
1
62
16
82
26
27
9
99
93
64
39
46
53
72
16
39
34
36
59
44
42
30
9
47
70
87
28
45
37
21
71
70
85
78
67
40
68
54
52
63
72
93
85
97
30
10
50
40
58
92
73
36
67
84
25
88
79
56
68
62
27
74
52
59
50
9
85
78
72
1
62
100
27
26
3
43
82
10
2
86
100
94
60
94
7
51
85
81
91
40
10
68
51
96
58
61
81
71
53
82
87
63
3
35
92
37
55
5
61
85
94
96
22
7
96
92
41
94
55
25
77
77
24
35
43
16
72
96
8
33
21
99
40
77
53
66
85
85
20
